index,0,1,2
26457,0.1200684158655846,0.16380715770739704,0.7161244264270183
26458,0.3258298196216276,0.21213428012336982,0.4620359002550027
26459,0.03795886724576227,0.0730502179821338,0.888990914772104
26460,0.05678137683407691,0.08578358622441994,0.8574350369415032
26461,0.08778645564087662,0.2274848359604814,0.684728708398642
26462,0.05601312685287404,0.14076520090883626,0.8032216722382897
26463,0.6269895615265302,0.3531313262007714,0.019879112272698476
26464,0.04962633075095036,0.08630693130560535,0.8640667379434444
26465,0.05885039430952638,0.08525136509998692,0.8558982405904868
26466,0.05999650938535109,0.2706939564653788,0.6693095341492702
26467,0.1250270242248515,0.1004705956518033,0.7745023801233453
26468,0.040832511829473755,0.08524942987788874,0.8739180582926374
26469,0.5789352898570316,0.10540696613488174,0.31565774400808666
26470,0.07193405536898383,0.44391398145333477,0.48415196317768133
26471,0.10010383224117897,0.1423604043072133,0.7575357634516077
26472,0.07030384512210378,0.30699854344115124,0.6226976114367448
26473,0.04428146706068252,0.07300723810608313,0.8827112948332343
26474,0.295977814589379,0.6808816353095003,0.023140550101120868
26475,0.33586729215100497,0.1663906041168108,0.4977421037321842
26476,0.04031015106648527,0.0927401345858281,0.8669497143476866
26477,0.18862666846507378,0.21278619926129133,0.598587132273635
26478,0.05623462694501712,0.08247355651450174,0.8612918165404813
26479,0.04639359223259491,0.07797949074765904,0.875626917019746
26480,0.05764517259765752,0.07723861338696107,0.8651162140153813
26481,0.0610138054149518,0.27556792981854816,0.6634182647665001
26482,0.1139616513871769,0.09750591132899387,0.7885324372838292
26483,0.05323133364502746,0.13483907841761275,0.8119295879373597
26484,0.064415523201519,0.12305010766496333,0.8125343691335176
26485,0.04053417371906366,0.07152258170350724,0.8879432445774291
26486,0.07661672173559045,0.13552076969492782,0.7878625085694816
26487,0.07204929033190059,0.10588730343995442,0.8220634062281451
26488,0.3418206079389414,0.621852155682737,0.03632723637832158
26489,0.06403028314926139,0.23857907099727635,0.6973906458534623
26490,0.06480000933432323,0.11847658932540443,0.8167234013402723
26491,0.04637820052563006,0.1265757212071423,0.8270460782672275
26492,0.06294471718823413,0.36500986177784195,0.5720454210339239
26493,0.17101114418945673,0.8215717492833078,0.0074171065272356194
26494,0.0733437950343745,0.4335843512083781,0.4930718537572473
26495,0.05180078851082206,0.08516775075232269,0.8630314607368553
26496,0.07170245220842392,0.16977478743095645,0.7585227603606196
26497,0.030018458797894224,0.8280575506156563,0.14192399058644947
26498,0.16730951853891712,0.5367669466343916,0.2959235348266912
26499,0.10570281960531887,0.13801003375758145,0.7562871466370997
26500,0.0777664605600323,0.3984211088557696,0.5238124305841981
26501,0.08377777901251904,0.3838860512789562,0.5323361697085247
26502,0.07586780908027504,0.09658316407134594,0.827549026848379
26503,0.09067030914377038,0.3954462454069165,0.5138834454493132
26504,0.12633534147908546,0.17592190177627462,0.6977427567446399
26505,0.0570772593807848,0.08522380966508587,0.8576989309541294
26506,0.1116324902601861,0.863662153872537,0.024705355867276835
26507,0.09952889904405382,0.8814344785499665,0.019036622405979645
26508,0.11084393269714554,0.14249673093729232,0.7466593363655621
26509,0.11744767398882808,0.15231047699591513,0.7302418490152568
26510,0.06341075007132219,0.20800665223190765,0.7285825976967704
26511,0.045413103584375086,0.07423319511316984,0.8803537013024549
26512,0.10236625625992549,0.16026059499284317,0.7373731487472313
26513,0.12963640839851764,0.20678282373271753,0.6635807678687647
26514,0.04575575043493644,0.08293374999320292,0.8713104995718607
26515,0.36707617503004436,0.10411474057247455,0.5288090843974812
26516,0.06524808511186336,0.24539290309424436,0.6893590117938923
26517,0.18090532538452725,0.7984419614677818,0.020652713147691022
26518,0.03844410111432302,0.07395988911962847,0.8875960097660485
26519,0.3956814041384459,0.08755953819591539,0.5167590576656387
26520,0.028994424911910857,0.8320083890356234,0.13899718605246592
26521,0.07221194123020927,0.261624638891106,0.6661634198786849
26522,0.2089486248698401,0.1357721658217809,0.655279209308379
26523,0.1040493330874712,0.16104632279695033,0.7349043441155784
26524,0.08033027129198528,0.19177476408902347,0.7278949646189914
26525,0.1169118698534019,0.22598878112969692,0.6570993490169011
26526,0.04745058805921702,0.08530824813211275,0.8672411638086702
26527,0.1511096082311912,0.3174148432947436,0.5314755484740651
26528,0.07818376874826037,0.9072906906790172,0.01452554057272231
26529,0.42470344058417964,0.10348507527164873,0.47181148414417157
26530,0.10633704025797518,0.13655996113575553,0.7571029986062693
26531,0.06103584236981026,0.19185070723104466,0.7471134503991451
26532,0.1276731170845125,0.14556826257145322,0.7267586203440342
26533,0.10109588309954254,0.15848618622855018,0.7404179306719073
26534,0.04218684708695463,0.0851672123371831,0.8726459405758622
26535,0.046361815540569895,0.0792035433170525,0.8744346411423776
26536,0.09606094736456787,0.16314313547842038,0.7407959171570118
26537,0.06693410121768709,0.09398573881885977,0.839080159963453
26538,0.0684312947144787,0.29165631599134717,0.639912389294174
26539,0.05050913454339736,0.13930681274597384,0.8101840527106287
26540,0.28129869501539945,0.1467277072730729,0.5719735977115277
26541,0.05056563028154154,0.09237185277957886,0.8570625169388796
26542,0.06677203645142006,0.11238953099840006,0.8208384325501797
26543,0.05869300735615131,0.08330852360273049,0.8579984690411182
26544,0.12326004088616722,0.1816048740989432,0.6951350850148897
26545,0.13289545169315226,0.3283785934212042,0.5387259548856436
26546,0.05350021471248495,0.09616033282972813,0.8503394524577871
26547,0.050848090753461306,0.06651015556380309,0.8826417536827357
26548,0.04790358936209956,0.10524048898828153,0.8468559216496189
26549,0.21342528354563547,0.7761580126250326,0.010416703829332024
26550,0.050692080807344345,0.13741794157897197,0.8118899776136835
26551,0.04996760282743713,0.14894306577886549,0.8010893313936973
26552,0.0539434451560188,0.17962709912842761,0.7664294557155537
26553,0.048621952335637805,0.08851261401753754,0.8628654336468246
26554,0.10210296940405145,0.3553073157624603,0.5425897148334883
26555,0.12282633088660534,0.12284143333426377,0.7543322357791308
26556,0.07010528691208451,0.2676261510283345,0.6622685620595808
26557,0.060929187267859945,0.10496953568350255,0.8341012770486375
26558,0.5678183966602892,0.10406686359956882,0.32811473974014205
26559,0.2893999192449331,0.10564165998386023,0.6049584207712068
26560,0.06627567414852942,0.10717340246925844,0.8265509233822123
26561,0.05770215689235364,0.2615272197613291,0.6807706233463173
26562,0.04260769047435606,0.07210460251315805,0.8852877070124858
26563,0.04580983440404566,0.07975698716334172,0.8744331784326126
26564,0.104197048609317,0.15107514889232185,0.7447278024983612
26565,0.10994690803979056,0.3833587742406839,0.5066943177195257
26566,0.06427245073864779,0.2096365626679868,0.7260909865933655
26567,0.09356140302619348,0.1458804539717206,0.7605581430020858
26568,0.4689441847614443,0.5018670805689491,0.02918873466960646
26569,0.04766309362808412,0.09717278917520887,0.8551641171967069
26570,0.05670344008342561,0.6124539308805239,0.33084262903605055
26571,0.06243930677831795,0.093673033624759,0.843887659596923
26572,0.06419968526064795,0.16510656989899225,0.7706937448403598
26573,0.11861934442398579,0.12688648239867337,0.7544941731773407
26574,0.19765895493408506,0.09855332751365403,0.703787717552261
26575,0.08004638937751114,0.11603154646219703,0.803922064160292
26576,0.09145139069052606,0.10746409380379518,0.8010845155056788
26577,0.10587044474421681,0.13149164023695095,0.7626379150188322
26578,0.30534652669602613,0.3808262281227117,0.3138272451812621
26579,0.24745880985816673,0.7386207597305935,0.01392043041123978
26580,0.0673543065850552,0.10572890041920972,0.8269167929957351
26581,0.10962463367491351,0.1671641809792403,0.7232111853458459
26582,0.048936672078668926,0.09231933814753937,0.8587439897737916
26583,0.04581881233451924,0.07594594718664943,0.8782352404788313
26584,0.09255300731803338,0.152401854908392,0.7550451377735746
26585,0.11207175742107832,0.4900779106000509,0.3978503319788709
26586,0.2996102370922624,0.2766835504971382,0.42370621241059947
26587,0.34204355637407646,0.39763553401878865,0.26032090960713494
26588,0.05089946482191782,0.11984929900666556,0.8292512361714166
26589,0.12569524148820438,0.09601915441934558,0.7782856040924498
26590,0.11206332652675836,0.3832081633314122,0.5047285101418293
26591,0.15035515160128782,0.8242678214073074,0.025377026991404823
26592,0.4618217735177786,0.09818801697156906,0.4399902095106524
26593,0.04908954690626324,0.5928640368779533,0.3580464162157834
26594,0.05524595693028941,0.0834833933055688,0.8612706497641418
26595,0.04139133187575928,0.06779248415536678,0.8908161839688739
26596,0.06947666971246313,0.10405073572349072,0.8264725945640462
26597,0.617187427959871,0.2551427773255262,0.12766979471460282
26598,0.05464299739274606,0.1292676659217203,0.8160893366855336
26599,0.05535578555147615,0.08741006920889906,0.8572341452396249
26600,0.040903753876540085,0.06834419600516414,0.8907520501182957
26601,0.056265250348617755,0.15657858792617904,0.7871561617252032
26602,0.048935107255195134,0.19544438632062125,0.7556205064241837
26603,0.06569565577771395,0.12043247106806465,0.8138718731542214
26604,0.04752495916254631,0.08185065941414718,0.8706243814233063
26605,0.03867613521835677,0.06775451916408648,0.8935693456175569
26606,0.07020149231676671,0.422809433841042,0.5069890738421913
26607,0.11081615724153178,0.8616985831255257,0.027485259632942512
26608,0.046096936719579866,0.08251043760369649,0.8713926256767237
26609,0.05344040499050253,0.10201105354446088,0.8445485414650366
26610,0.2412726714039131,0.716562585071632,0.04216474352445492
26611,0.12314187240536995,0.20523593229257625,0.6716221953020538
26612,0.12352253345863601,0.42331310969632197,0.45316435684504197
26613,0.0695857556767024,0.1659405432331646,0.7644737010901329
26614,0.12114081081975309,0.1489096316451722,0.7299495575350747
26615,0.11767723050372256,0.16249439989829256,0.7198283695979848
26616,0.04594660081536451,0.06549957758918418,0.8885538215954514
26617,0.07389324908235526,0.11988523971799936,0.8062215111996454
26618,0.04954814616557832,0.08189644210771528,0.8685554117267064
26619,0.07776048973042926,0.16455424439800564,0.7576852658715652
26620,0.14086022715943805,0.8083840337170759,0.05075573912348613
26621,0.04673656797898407,0.07713361555959203,0.876129816461424
26622,0.06924020829217256,0.6129904968448995,0.31776929486292793
26623,0.05333553926073007,0.49336838127797966,0.4532960794612903
26624,0.09301082881218134,0.12229562893089739,0.7846935422569213
26625,0.6690426613718259,0.11014328880604857,0.2208140498221257
26626,0.287343159396214,0.12438849003084282,0.5882683505729432
26627,0.04779396241448759,0.07893671717854579,0.8732693204069666
26628,0.038287444899359986,0.0848920039544384,0.8768205511462018
26629,0.04298806334561518,0.08235601645042075,0.8746559202039642
26630,0.047713591083821456,0.08814975250578837,0.8641366564103901
26631,0.04584745188830775,0.07030179182629177,0.8838507562854003
26632,0.5091674409520163,0.09631244372330013,0.3945201153246837
26633,0.06491033125343777,0.10862416564459006,0.8264655031019721
26634,0.05238346575895101,0.0841729699331426,0.8634435643079063
26635,0.05728340696790461,0.23542941319693542,0.70728717983516
26636,0.06668283875272918,0.3082472498112601,0.6250699114360108
26637,0.04764331607940858,0.10621742275665766,0.8461392611639338
26638,0.040803447934229214,0.7753584092866569,0.183838142779114
26639,0.11129734169984493,0.6651249077354751,0.22357775056468004
26640,0.38715297805217935,0.15630504645737617,0.4565419754904444
26641,0.1357561246349511,0.5726292638306808,0.29161461153436813
26642,0.05187343568326985,0.09029112339816876,0.8578354409185613
26643,0.06711154318365042,0.23558559750225988,0.6973028593140898
26644,0.06168056515594317,0.10554081618618787,0.8327786186578688
26645,0.05387195547441386,0.10600734311294444,0.8401207014126418
26646,0.6482266835190172,0.12808578078801472,0.22368753569296806
26647,0.04520137158125543,0.0585858905960597,0.896212737822685
26648,0.047732629246571685,0.5872662311233409,0.36500113963008735
26649,0.06469946504243361,0.09457510609683666,0.8407254288607297
26650,0.45691813894937494,0.5117197966698287,0.0313620643807964
26651,0.2550739230108078,0.7248704674881083,0.020055609501084058
26652,0.243047604166717,0.12746106289058073,0.6294913329427022
26653,0.2744347994615665,0.14805680390104956,0.577508396637384
26654,0.04795619434695242,0.734556080702847,0.21748772495020055
26655,0.05193637213466477,0.5675895005477564,0.3804741273175788
26656,0.05772728527128087,0.10537886897205384,0.8368938457566653
26657,0.06994540427728652,0.3814245971012354,0.5486299986214781
26658,0.06049856661690806,0.252996754938172,0.68650467844492
26659,0.1371343679921975,0.23490015380320034,0.6279654782046021
26660,0.06599860349337797,0.23356973884596194,0.7004316576606601
26661,0.19992086468971834,0.17889431058640795,0.6211848247238737
26662,0.05690781233285069,0.2848560853991086,0.6582361022680406
26663,0.05671235173613394,0.15461264661001745,0.7886750016538487
26664,0.13858089515018027,0.13792994699460087,0.723489157855219
26665,0.16551468002672073,0.21150216466588978,0.6229831553073895
26666,0.06831505988675128,0.427023775905833,0.5046611642074157
26667,0.034274630754361005,0.06919613354009226,0.8965292357055468
26668,0.05886799186827218,0.5075402505222567,0.43359175760947105
26669,0.2290309401174088,0.25465561880594756,0.5163134410766437
26670,0.3089808502546997,0.2592729366417916,0.43174621310350886
26671,0.05476039143638259,0.570564464612937,0.3746751439506804
26672,0.04617268371703667,0.08651172378887405,0.8673155924940893
26673,0.10534855839559314,0.1453113589698614,0.7493400826345454
26674,0.6528317567643319,0.06812264206106196,0.27904560117460614
26675,0.04469231762991846,0.09864961144999121,0.8566580709200904
26676,0.0555812382600276,0.12531808143657044,0.8191006803034019
26677,0.0462134102110624,0.07777101988486443,0.8760155699040733
26678,0.07321164410968367,0.19999314968503953,0.7267952062052767
26679,0.11354053841888821,0.15757762073986797,0.7288818408412439
26680,0.06435488981337383,0.24444942456925697,0.6911956856173691
26681,0.04751516662246053,0.08915294132635221,0.8633318920511872
26682,0.045510451948099204,0.09457116676517349,0.8599183812867273
26683,0.0731629905656276,0.272791534753943,0.6540454746804294
26684,0.09551856699896734,0.1602773620952906,0.7442040709057421
26685,0.2537384802882697,0.11578489844211169,0.6304766212696187
26686,0.04419462539726959,0.08981356035221658,0.8659918142505139
26687,0.11852838517977336,0.17540923028578656,0.7060623845344401
26688,0.2730540031176772,0.4586159761876812,0.26833002069464157
26689,0.0911180278180989,0.1473779054609097,0.7615040667209914
26690,0.04108757153988444,0.08359844044687476,0.8753139880132407
26691,0.15826693035693334,0.34850758573296997,0.49322548391009663
26692,0.05989767203955322,0.2981684652464707,0.641933862713976
26693,0.4028368808329592,0.11189065451207857,0.48527246465496227
26694,0.5849393643986431,0.39779146061988413,0.017269174981472818
26695,0.05757459846699149,0.08290021534549918,0.8595251861875094
26696,0.04408956558577192,0.07281687221636973,0.8830935621978584
26697,0.038126192342589696,0.06708220977079868,0.8947915978866116
26698,0.040571735741101185,0.06144822125118622,0.8979800430077125
26699,0.07401137601746004,0.41609249401537235,0.5098961299671676
26700,0.05906306211355762,0.42449195554959573,0.5164449823368467
26701,0.16040102379778926,0.4180499891240466,0.42154898707816413
26702,0.10139518272900605,0.316065210211886,0.582539607059108
26703,0.0629377282767305,0.1143789132486862,0.8226833584745833
26704,0.04758330232704978,0.08605215697045926,0.8663645407024909
26705,0.0467261590374459,0.06748623477940362,0.8857876061831504
26706,0.0491846123060184,0.09240008357018063,0.858415304123801
26707,0.2719504411547955,0.12477562158958044,0.6032739372556242
26708,0.0455241886889233,0.07176185343295896,0.8827139578781178
26709,0.04029394234839684,0.07983420269482759,0.8798718549567754
26710,0.059727415613089016,0.10857572697596156,0.8316968574109493
26711,0.27519495097696367,0.09897335530122,0.6258316937218164
26712,0.06664030050142848,0.182619870913661,0.7507398285849105
26713,0.08548669117797791,0.451394132772644,0.463119176049378
26714,0.056122015690248286,0.13521119616732655,0.8086667881424252
26715,0.06843899478897174,0.21179372501439836,0.7197672801966298
26716,0.11366629994851743,0.6153190089875026,0.27101469106397996
26717,0.06721232996334885,0.18067625152862885,0.7521114185080222
26718,0.10409271565672763,0.16049955090913032,0.7354077334341421
26719,0.06668681439308595,0.38519751797437973,0.5481156676325343
26720,0.0929359297876526,0.10367152178664098,0.8033925484257066
26721,0.06602724344917035,0.23056370009264227,0.7034090564581874
26722,0.1916004272365941,0.11975605805518495,0.6886435147082208
26723,0.06105969701484813,0.11189704394626228,0.8270432590388896
26724,0.06420725465090911,0.5524859712510042,0.3833067740980866
26725,0.05503599524544389,0.31096947799437175,0.6339945267601844
26726,0.1106043562992382,0.3442160783473571,0.5451795653534046
26727,0.045975379325297314,0.09419250405321307,0.8598321166214897
26728,0.09374545911887584,0.16386565259482153,0.7423888882863026
26729,0.09281739558340388,0.23110567497367585,0.6760769294429203
26730,0.15092555024473137,0.5396305307266038,0.3094439190286647
26731,0.052801119302074394,0.08823365447213931,0.8589652262257864
26732,0.17627977404379774,0.8024581384362208,0.021262087519981418
26733,0.05134612886944817,0.06692253118970039,0.8817313399408513
26734,0.12112094797566098,0.16210004262016997,0.716779009404169
26735,0.04813214360183451,0.11045935564764015,0.8414085007505253
26736,0.10054916828404047,0.191734672485593,0.7077161592303666
26737,0.09436768112020642,0.3152750451262668,0.5903572737535268
26738,0.041515907010235886,0.07748602307244135,0.8809980699173228
26739,0.45310044656068765,0.10605911488847478,0.44084043855083765
26740,0.04399865283212587,0.09260291778659849,0.8633984293812756
26741,0.12206245671552528,0.835800586919356,0.04213695636511878
26742,0.051441390155007725,0.24778974151585528,0.7007688683291369
26743,0.11278946804883895,0.16022096832852173,0.7269895636226394
26744,0.11665464299104364,0.22341514388387346,0.659930213125083
26745,0.03544781604425644,0.06722753759254495,0.8973246463631986
26746,0.4267874677832726,0.12258437790412269,0.45062815431260467
26747,0.060310309915447974,0.4948707287370607,0.44481896134749116
26748,0.23502849556809008,0.2664645529264171,0.4985069515054928
26749,0.05752351332449373,0.12752093579950022,0.8149555508760061
26750,0.05651593899721345,0.13373396830384715,0.8097500926989396
26751,0.05836197552986165,0.10853176051701942,0.8331062639531189
26752,0.07871445004263937,0.48659799556352024,0.4346875543938404
26753,0.09946429340355549,0.13644066983641442,0.7640950367600301
26754,0.0873957932375545,0.09840783821031678,0.8141963685521287
26755,0.05208255771540004,0.145877924645087,0.8020395176395129
26756,0.12294284150988277,0.09996024935216788,0.7770969091379493
26757,0.19773168425965454,0.22245291292468883,0.5798154028156567
26758,0.12919179623408444,0.2403437382455302,0.6304644655203853
26759,0.09220701956752674,0.14310254737526534,0.764690433057208
26760,0.3921507838377431,0.1384100101816027,0.46943920598065425
26761,0.06075990532616236,0.12546827203612698,0.8137718226377106
26762,0.040372242503813396,0.07025420882690549,0.8893735486692812
26763,0.045101829586380184,0.08839892813476055,0.8664992422788591
26764,0.07306010458266579,0.1166797140711341,0.8102601813462001
26765,0.06890040770816519,0.09969066698154441,0.8314089253102904
26766,0.0652421606245861,0.4670503825401079,0.46770745683530607
26767,0.06769999349736819,0.11282183622668503,0.8194781702759468
26768,0.10452908069360267,0.8778210640262288,0.017649855280168443
26769,0.4016101830125914,0.1346742144401435,0.4637156025472651
26770,0.040663222014113244,0.07053061902688766,0.8888061589589992
26771,0.2075141414803072,0.7703906475279562,0.022095210991736523
26772,0.44806765500810974,0.07531299018551608,0.4766193548063741
26773,0.11228304389806149,0.16277004973211476,0.7249469063698237
26774,0.10151137114485602,0.15905547047987148,0.7394331583752725
26775,0.062201398830032374,0.21552201581387986,0.7222765853560876
26776,0.048623995704853394,0.08789304746894804,0.8634829568261985
26777,0.03975369422785032,0.054400704668068095,0.9058456011040815
26778,0.052821524441194916,0.08881349377691242,0.8583649817818928
26779,0.048622674132670914,0.12942149436226275,0.8219558315050663
26780,0.05582288163152137,0.08710201289228096,0.8570751054761975
26781,0.052082883143880286,0.13304675456714024,0.8148703622889797
26782,0.04398320086647696,0.07797673428372452,0.8780400648497985
26783,0.18185938354766842,0.18419011588629466,0.6339505005660367
26784,0.048465550028560775,0.5677141162099745,0.38382033376146485
26785,0.06412539017749125,0.14203985616515896,0.7938347536573498
26786,0.35696096713672715,0.10797898890379,0.5350600439594829
26787,0.0488827176585528,0.09280549757229876,0.8583117847691485
26788,0.2027762654274138,0.21690031656857006,0.5803234180040161
26789,0.0585761335042985,0.4840638162067366,0.4573600502889648
26790,0.06627605304256118,0.12836577390796183,0.805358173049477
26791,0.03859178849241748,0.07456983468192765,0.8868383768256548
26792,0.070213021544791,0.125720953395066,0.8040660250601429
26793,0.05991296605705844,0.15343777900392044,0.786649254939021
26794,0.06496382299153086,0.11798494081243623,0.8170512361960329
26795,0.06559692215325802,0.21016504357114502,0.724238034275597
26796,0.12522576792647894,0.8683029333282687,0.006471298745252415
26797,0.06713517272105972,0.27775640292912296,0.6551084243498172
26798,0.636121142103596,0.075063011905608,0.28881584599079585
26799,0.22947155160747668,0.10374769658700816,0.6667807518055153
26800,0.09875492700333964,0.8811185035226766,0.020126569473983724
26801,0.0584552978926476,0.5116431840241188,0.4299015180832334
26802,0.1022270972645342,0.1595490006011144,0.7382239021343512
26803,0.05548118677582014,0.17157157115260482,0.7729472420715751
26804,0.059771916629864925,0.23981465856757095,0.7004134248025643
26805,0.04608956895114445,0.09519957291102836,0.8587108581378272
26806,0.12904784357126037,0.23709436876159207,0.6338577876671475
26807,0.0459154595957809,0.08081843219175715,0.8732661082124619
26808,0.057555332230511916,0.16179339395218043,0.7806512738173076
26809,0.060375570741442966,0.21886337604080217,0.720761053217755
26810,0.051874193310100326,0.2841129201096339,0.6640128865802658
26811,0.041233945379404745,0.08925108340458589,0.8695149712160095
26812,0.040245346572501416,0.0717695968635222,0.8879850565639763
26813,0.09388235692693161,0.47465227492954026,0.4314653681435282
26814,0.10634494086111085,0.1633255395882835,0.7303295195506057
26815,0.09238783364353308,0.141478063297509,0.766134103058958
26816,0.08719798942840534,0.2324674108436877,0.6803345997279071
26817,0.042421431258192845,0.05688888371901997,0.9006896850227871
26818,0.25219577339414606,0.16132864420295104,0.586475582402903
26819,0.10826835883568714,0.23101160592130135,0.6607200352430116
26820,0.1294725127337388,0.8423284822319509,0.028199005034310328
26821,0.06476526412135135,0.9230482464200327,0.012186489458615953
26822,0.07381542428576687,0.424440724082142,0.5017438516320911
26823,0.055836933366425166,0.0888140125030042,0.8553490541305706
26824,0.10430097919840242,0.11397335989211714,0.7817256609094805
26825,0.03877594150601118,0.07917299385372827,0.8820510646402606
26826,0.050153349487829436,0.09367329662548253,0.856173353886688
26827,0.09777625632851801,0.16094138409701533,0.7412823595744668
26828,0.08634846502159761,0.16911934386231448,0.7445321911160878
26829,0.059152079689333247,0.09179495890330786,0.8490529614073586
26830,0.04091077564923732,0.07870094129155476,0.8803882830592079
26831,0.05172628696545175,0.1483385815651302,0.7999351314694182
26832,0.03278934518589834,0.07410834110434784,0.8931023137097538
26833,0.05817841801766143,0.13708469538336157,0.8047368865989769
26834,0.05654155960041327,0.1466064429778494,0.7968519974217374
26835,0.6587173146915664,0.0864860624000282,0.25479662290840543
26836,0.11507235514885855,0.32551778522467123,0.5594098596264703
26837,0.11593906793957857,0.09528614016302649,0.7887747918973949
26838,0.1703682997723572,0.2507673506189573,0.5788643496086856
26839,0.6307221524195666,0.08879836252121938,0.28047948505921394
26840,0.08544191623969746,0.1736322460332273,0.7409258377270752
26841,0.04715209076716226,0.07459963054774198,0.8782482786850959
26842,0.061781676819620455,0.2332905948544043,0.7049277283259754
26843,0.10096963672221582,0.14669682050537744,0.7523335427724067
26844,0.05406371565527784,0.6822727879215477,0.26366349642317455
26845,0.43115735645601094,0.08996766064559314,0.4788749828983959
26846,0.05396700660289107,0.10563987785626497,0.8403931155408438
26847,0.10860339129904224,0.19072276545724107,0.7006738432437167
26848,0.18654493869626745,0.10646912469544739,0.7069859366082851
26849,0.2801333275098378,0.17684103411401284,0.5430256383761494
26850,0.1062627861701515,0.21011224647289756,0.683624967356951
26851,0.09066836673723935,0.1377011080172727,0.7716305252454879
26852,0.05324756675147839,0.6174626949804892,0.32928973826803254
26853,0.046418967917290256,0.0795140093910803,0.8740670226916295
26854,0.08904945820001642,0.8974072714916413,0.013543270308342289
26855,0.06469685247944593,0.17731135662232633,0.7579917908982277
26856,0.126859840533712,0.10019694133413305,0.7729432181321549
26857,0.06825661806279668,0.4331343420498306,0.4986090398873727
26858,0.034019534313416616,0.8392422200046887,0.12673824568189448
26859,0.04443897466789263,0.6327256762557472,0.3228353490763603
26860,0.04170604769792239,0.7088400752800149,0.24945387702206276
26861,0.07226370200614908,0.24476596286765837,0.6829703351261927
26862,0.06626417227675802,0.0948194269577028,0.8389164007655392
26863,0.04770947718448124,0.1254175693653994,0.8268729534501194
26864,0.08728914730849358,0.2777169445464001,0.6349939081451065
26865,0.06009345501685521,0.2125036677834403,0.7274028771997044
26866,0.05657250037592708,0.15410485828103926,0.7893226413430336
26867,0.056165509941200856,0.08464659415278467,0.8591878959060144
26868,0.05851226857054963,0.10436674262963151,0.8371209887998188
26869,0.036326964422692946,0.05097393980942546,0.9126990957678816
26870,0.04387369005218025,0.7490446239413957,0.20708168600642407
26871,0.4173916269349373,0.11268012668185634,0.4699282463832064
26872,0.048102388084654946,0.09490994778290035,0.8569876641324446
26873,0.06024661229311662,0.1624123263102078,0.7773410613966755
26874,0.06032093477302661,0.38697849080921526,0.5527005744177581
26875,0.1009832030189447,0.21223414987920744,0.6867826471018479
26876,0.04719276035378148,0.07108471095633112,0.8817225286898873
26877,0.051682134214738315,0.08556965703653638,0.8627482087487254
26878,0.11252139466300218,0.13643178426797595,0.7510468210690219
26879,0.07159283038520027,0.23327067039258603,0.6951364992222137
26880,0.12947427986748267,0.10611931638556286,0.7644064037469546
26881,0.0349385329414309,0.0817149912371201,0.8833464758214489
26882,0.5475516530375429,0.09038239688985401,0.362065950072603
26883,0.052935694110635416,0.09522079605120752,0.851843509838157
26884,0.06410067737686935,0.4136899761395902,0.5222093464835404
26885,0.12345469780432947,0.13588823280103907,0.7406570693946315
26886,0.04407612050756437,0.09226885426853022,0.8636550252239055
26887,0.051744164905182195,0.10676482527469358,0.841491009820124
26888,0.14681145320390598,0.17080706348043204,0.6823814833156621
26889,0.04147403739928738,0.08023440829951736,0.8782915543011952
26890,0.06775356190089385,0.24142607126997456,0.6908203668291315
26891,0.0556613150683977,0.5868247354115865,0.3575139495200157
26892,0.06411551794406475,0.0977183176969099,0.8381661643590251
26893,0.047436127408866165,0.07477371396375634,0.8777901586273776
26894,0.04922292741092872,0.11456567948989241,0.8362113930991789
26895,0.08076229416237096,0.43467582833947443,0.48456187749815466
26896,0.0630406609579101,0.08746722183369258,0.8494921172083973
26897,0.060995756546693994,0.1685395480226157,0.7704646954306903
26898,0.045695052718754625,0.08436686555935606,0.8699380817218892
26899,0.11471046312570829,0.13127900669850415,0.7540105301757876
26900,0.06286485589667765,0.19725408184803292,0.7398810622552894
26901,0.07220027919566005,0.2549794371581484,0.6728202836461916
26902,0.045738527000116186,0.05863722704805179,0.8956242459518321
26903,0.0672781683149139,0.21141281303487416,0.721309018650212
26904,0.6398000349790574,0.33518056340215596,0.025019401618786605
26905,0.05946644075223563,0.10613942701073649,0.834394132237028
26906,0.04259626340223582,0.1060200432754863,0.8513836933222779
26907,0.03319927915931639,0.059927659406077305,0.9068730614346063
26908,0.05192841870304335,0.13032606551565756,0.8177455157812992
26909,0.05885107647592364,0.5984106413348778,0.3427382821891987
26910,0.09559865664693962,0.1874039609628661,0.7169973823901942
26911,0.052960906660350394,0.0810954909533576,0.8659436023862918
26912,0.04288967447217429,0.10462952264010623,0.8524808028877193
26913,0.29441997088959315,0.15189512015433554,0.5536849089560713
26914,0.050352234601528836,0.13856229018678162,0.8110854752116894
26915,0.09365528030904859,0.13532954734404334,0.7710151723469081
26916,0.2206416904513518,0.764352598910097,0.015005710638551162
26917,0.05656575603646864,0.1511118645462186,0.7923223794173126
26918,0.06196206959856145,0.10546393442043138,0.832573995981007
26919,0.5144317285934272,0.10463908255028806,0.38092918885628474
26920,0.058913794690140915,0.21087928255373742,0.7302069227561216
26921,0.057659134111053244,0.6031458540229593,0.33919501186598755
26922,0.06946713689002151,0.46680276691234,0.4637300961976385
26923,0.04274529858499132,0.0696495994535995,0.8876051019614092
26924,0.05616696381257037,0.13040686625806924,0.8134261699293603
26925,0.04416990629171486,0.08077501361409098,0.8750550800941941
26926,0.10157129822445576,0.21592873008857788,0.6824999716869663
26927,0.06701361335496847,0.10380036041708612,0.8291860262279453
26928,0.059950629684716754,0.9280505578741196,0.011998812441163803
26929,0.04730201437701536,0.10708757492414005,0.8456104106988446
26930,0.04087006417697592,0.7056628844439412,0.253467051379083
26931,0.15103203498527862,0.826677628150942,0.02229033686377924
26932,0.04230650574018593,0.6979603222023887,0.2597331720574253
26933,0.44854428641223587,0.10045088986833643,0.4510048237194277
26934,0.06928308154962963,0.10303776036877206,0.8276791580815983
26935,0.05180784336957379,0.14327813539095288,0.8049140212394732
26936,0.0487168587779106,0.11093616766335901,0.8403469735587303
26937,0.1150934177922576,0.17362019206977092,0.7112863901379716
26938,0.19380994903533444,0.7894282636271972,0.01676178733746845
26939,0.652598275508568,0.3199127253262578,0.02748899916517427
26940,0.09868107461890084,0.14086243434805032,0.7604564910330488
26941,0.09137199868781665,0.21272775270714406,0.6959002486050393
26942,0.06316402534603738,0.11567808128631585,0.8211578933676468
26943,0.05546105935033158,0.3955133133135444,0.549025627336124
26944,0.0672847203135967,0.09943541822785482,0.8332798614585486
26945,0.07534134443017923,0.4490707342556359,0.47558792131418487
26946,0.044440496976469984,0.08326571094593435,0.8722937920775958
26947,0.06287374040109925,0.14012161230097264,0.7970046472979282
26948,0.07765746245270179,0.37724132783696684,0.5451012097103314
26949,0.3168361437647634,0.13352454879708764,0.5496393074381489
26950,0.18209477946230412,0.13494568247088998,0.6829595380668059
26951,0.3843197700580371,0.37388780024622703,0.2417924296957358
26952,0.11913535571247198,0.20548562162114242,0.6753790226663856
26953,0.11223355998881562,0.08241145757018097,0.8053549824410035
26954,0.05426368407816836,0.14561122037946422,0.8001250955423674
26955,0.042853433417540755,0.6212015663713342,0.33594500021112506
26956,0.14756676020763526,0.23093854066142647,0.6214946991309382
26957,0.6890653182852928,0.09101642058420388,0.2199182611305031
26958,0.260379424907688,0.1186688950947254,0.6209516799975866
26959,0.05718889215780876,0.13284623223447437,0.8099648756077168
26960,0.0616971016259636,0.16870834825807451,0.769594550115962
26961,0.05318889211129442,0.13107397206610735,0.8157371358225981
26962,0.05642196689499007,0.6130950914392946,0.3304829416657152
26963,0.4028368808329592,0.11189065451207857,0.48527246465496227
26964,0.10775578924683005,0.1311864450089886,0.7610577657441813
26965,0.040313435892655756,0.6954701242634974,0.2642164398438468
26966,0.0630406609579101,0.08746722183369258,0.8494921172083973
26967,0.0489046953819114,0.0972981289858141,0.8537971756322745
26968,0.10962753113904271,0.1663020174637038,0.7240704513972535
26969,0.05393511915378162,0.07136154115188323,0.8747033396943351
26970,0.05713228161669131,0.11126379332557033,0.8316039250577385
26971,0.06865913911358672,0.26497800960504914,0.6663628512813641
26972,0.14204805777799837,0.28761340679079644,0.5703385354312053
26973,0.09845947287702136,0.1799905721398181,0.7215499549831604
26974,0.03512666441982266,0.0714351294030644,0.893438206177113
26975,0.04320149316437954,0.07327559857331789,0.8835229082623025
26976,0.15199279682693606,0.8148515519986127,0.033155651174451115
26977,0.11021107492753064,0.19621826092050434,0.6935706641519651
26978,0.046748768495252606,0.12230612585793281,0.8309451056468146
26979,0.10394920945069872,0.24380471999909215,0.6522460705502091
26980,0.05951612546172547,0.170924755594334,0.7695591189439406
26981,0.07340096191618921,0.4158148808176142,0.5107841572661966
26982,0.05394337836444754,0.11678794872331948,0.829268672912233
26983,0.09961500073844004,0.18077201853595676,0.7196129807256032
26984,0.06643630041367454,0.2259017334492308,0.7076619661370946
26985,0.0747543362325134,0.45808336363212115,0.4671623001353654
26986,0.09701133192987654,0.11808054051844577,0.7849081275516777
26987,0.044131507977290665,0.7539772832616216,0.20189120876108757
26988,0.1281096976691665,0.28076039360433824,0.5911299087264953
26989,0.05208896656755439,0.6262331141179672,0.3216779193144784
26990,0.04373589989636093,0.07804735060401496,0.8782167494996241
26991,0.04612788327786327,0.07936914978429249,0.8745029669378444
26992,0.10133183991859732,0.6432183755766556,0.25544978450474715
26993,0.037097319300696756,0.07728444487714267,0.8856182358221606
26994,0.11424211538299556,0.1452777167029147,0.7404801679140898
26995,0.059681279069247695,0.2099674668240741,0.7303512541066783
26996,0.04413746791475278,0.07642943410398208,0.8794330979812651
26997,0.23065378570561698,0.4208206760989936,0.3485255381953893
26998,0.48134150351845434,0.09781699407276107,0.4208415024087845
26999,0.5657888694535746,0.0876490896731724,0.34656204087325304
27000,0.06609540100526032,0.47502355742679503,0.4588810415679446
27001,0.06579900873001189,0.29545552106840683,0.6387454702015812
27002,0.0612115887953295,0.232591674621874,0.7061967365827965
27003,0.06615166478677108,0.14378646167698045,0.7900618735362485
27004,0.26520335209906953,0.13056832325893508,0.6042283246419954
27005,0.07341025059657587,0.2664417606729977,0.6601479887304265
27006,0.050005669476629495,0.08775048692598006,0.8622438435973904
27007,0.08610568480101094,0.7303093876255166,0.18358492757347245
27008,0.06651012341063649,0.201948395088039,0.7315414815013245
27009,0.06012228779028348,0.14224310816064537,0.7976346040490712
27010,0.037447760241267544,0.06745219955765662,0.8951000402010759
27011,0.13154546558670438,0.5299167429656788,0.3385377914476168
27012,0.052897052924513854,0.08099729882410489,0.8661056482513813
27013,0.19703480196159887,0.1357502424350019,0.6672149556033992
27014,0.11366743611285013,0.4416500329552497,0.44468253093190013
27015,0.08924776533005864,0.4735568968031,0.4371953378668413
27016,0.05024701134945199,0.08672730711578036,0.8630256815347678
27017,0.05534250124022259,0.1024298383250872,0.8422276604346903
27018,0.13130978239221605,0.11595385085497713,0.7527363667528068
27019,0.09601585161813385,0.15998501025571457,0.7439991381261516
27020,0.05780397191303298,0.2544354402492588,0.6877605878377082
27021,0.06914852198698125,0.3617867420428321,0.5690647359701866
27022,0.038226353823084334,0.06423606989026995,0.8975375762866458
27023,0.16684313749675964,0.28867660234872655,0.5444802601545139
27024,0.11160345284253687,0.19596334814015065,0.6924331990173125
27025,0.25345436691374906,0.10464824409829694,0.641897388987954
27026,0.04334577733486537,0.07980425930349683,0.8768499633616379
27027,0.10900689660369606,0.0878940760312674,0.8030990273650366
27028,0.5243010379185548,0.09307677542944677,0.3826221866519985
27029,0.04733748492572198,0.0943735222861386,0.8582889927881394
27030,0.18168257348753222,0.5160229500577229,0.30229447645474494
27031,0.46639545680843736,0.23708337111836306,0.2965211720731995
27032,0.39223419916148267,0.1265664944329268,0.4811993064055904
27033,0.06803675671211143,0.10113312939561325,0.8308301138922752
27034,0.0906867066824056,0.16083246191040967,0.7484808314071847
27035,0.6587112864495693,0.08633042187467405,0.2549582916757566
27036,0.11468280429425072,0.13881145435440298,0.7465057413513462
27037,0.2404019378672278,0.4400571451264411,0.3195409170063312
27038,0.04760208000019224,0.06935770681267371,0.883040213187134
27039,0.1830317871626173,0.15970510861467055,0.6572631042227122
27040,0.061406024414318014,0.09717826046226799,0.841415715123414
27041,0.04004774314004855,0.06976433917336138,0.89018791768659
27042,0.20481441565347333,0.7701597103376185,0.02502587400890826
27043,0.05163302910447432,0.07822252804410898,0.8701444428514166
27044,0.048526208322935534,0.0787572568383424,0.8727165348387221
27045,0.0904618949945857,0.12966898011552766,0.7798691248898866
27046,0.06836861067975665,0.10274380415293675,0.8288875851673065
27047,0.09891341973178025,0.5325898763324075,0.3684967039358123
27048,0.31389654328859284,0.6784785972146141,0.007624859496793058
27049,0.16293057728449672,0.41677327506092066,0.4202961476545825
27050,0.05522758403492073,0.10692290364699099,0.8378495123180882
27051,0.10384979813570536,0.3375006081898845,0.5586495936744101
27052,0.0485790154774958,0.07789483702703547,0.8735261474954686
27053,0.05946727721823674,0.22597201355933308,0.7145607092224301
27054,0.06220762826079194,0.11186215547955475,0.8259302162596533
27055,0.2068019955869071,0.7748477969745984,0.01835020743849451
27056,0.20950653097046282,0.7733587528615917,0.017134716167945426
27057,0.06757771978227743,0.40962266236418793,0.5227996178535347
27058,0.5093465920043239,0.12432452531420797,0.3663288826814681
27059,0.07467662699637975,0.1390190000892791,0.786304372914341
27060,0.059647769006072514,0.1268303985633536,0.8135218324305739
27061,0.4387707854948043,0.1537989530388203,0.40743026146637534
27062,0.18397327806819086,0.11054442543488129,0.7054822964969277
27063,0.042701065584160376,0.07815427503186378,0.8791446593839759
27064,0.03808501351416424,0.06256398025047821,0.8993510062353575
27065,0.06219223247059795,0.4345674512766695,0.5032403162527325
27066,0.03465272213236144,0.07498224044377455,0.890365037423864
27067,0.050276355057864944,0.11020205235890587,0.8395215925832291
27068,0.5378957609311961,0.08805634693041543,0.37404789213838846
27069,0.042510014569776176,0.08437168537977066,0.8731183000504531
27070,0.05829486482039647,0.07689424003715555,0.8648108951424479
27071,0.055512687261151605,0.07949763174574855,0.8649896809930999
27072,0.06936205376198662,0.2661216972216036,0.6645162490164097
27073,0.1150593783777585,0.1955533576243789,0.6893872639978628
27074,0.11857483918225777,0.36062384142387327,0.520801319393869
